0
1 1 0 0 0 
1 0 0 1 0 
1 0 1 1 0 
1 0 0 0 0 
1 0 1 0 1 
CHECKING: 0 0
CALLED: 0 0
1 1 0 0 0 
1 0 0 1 0 
1 0 1 1 0 
1 0 0 0 0 
1 0 1 0 1 
1 0 0 0 0 
0 0 0 0 0 
0 0 0 0 0 
0 0 0 0 0 
0 0 0 0 0 
FI: Y: 0 X:1 | 1
CALLED: 0 1
1 1 0 0 0 
1 0 0 1 0 
1 0 1 1 0 
1 0 0 0 0 
1 0 1 0 1 
1 1 0 0 0 
0 0 0 0 0 
0 0 0 0 0 
0 0 0 0 0 
0 0 0 0 0 
FI: Y: 0 X:0 | 0
NOT
FI: Y: 0 X:2 | 0
NOT
FI: Y: 1 X:0 | 1
CALLED: 1 0
1 1 0 0 0 
1 0 0 1 0 
1 0 1 1 0 
1 0 0 0 0 
1 0 1 0 1 
1 1 1 0 0 
1 0 0 0 0 
0 0 0 0 0 
0 0 0 0 0 
0 0 0 0 0 
FI: Y: 0 X:0 | 0
NOT
FI: Y: 0 X:1 | 0
NOT
FI: Y: 1 X:1 | 0
NOT
FI: Y: 2 X:0 | 1
CALLED: 2 0
1 1 0 0 0 
1 0 0 1 0 
1 0 1 1 0 
1 0 0 0 0 
1 0 1 0 1 
1 1 1 0 0 
1 1 0 0 0 
1 0 0 0 0 
0 0 0 0 0 
0 0 0 0 0 
FI: Y: 1 X:0 | 0
NOT
FI: Y: 1 X:1 | 0
NOT
FI: Y: 2 X:1 | 0
NOT
FI: Y: 3 X:0 | 1
CALLED: 3 0
1 1 0 0 0 
1 0 0 1 0 
1 0 1 1 0 
1 0 0 0 0 
1 0 1 0 1 
1 1 1 0 0 
1 1 0 0 0 
1 1 0 0 0 
1 0 0 0 0 
0 0 0 0 0 
FI: Y: 2 X:0 | 0
NOT
FI: Y: 2 X:1 | 0
NOT
FI: Y: 3 X:1 | 0
NOT
FI: Y: 4 X:0 | 1
CALLED: 4 0
1 1 0 0 0 
1 0 0 1 0 
1 0 1 1 0 
1 0 0 0 0 
1 0 1 0 1 
1 1 1 0 0 
1 1 0 0 0 
1 1 0 0 0 
1 1 0 0 0 
1 0 0 0 0 
FI: Y: 3 X:0 | 0
NOT
FI: Y: 3 X:1 | 0
NOT
FI: Y: 4 X:1 | 0
NOT
